414.9939960409386	-169.19529034752864	166.61642300571174	410.3157531158482	-131.68590850299228	182.02412288013335	377.6191549326867	-163.54189001159665	182.02412288013335
414.2288674844797	-168.10568904522296	165.1080340536536	410.4308623395211	-130.5276026828043	180.5099423410841	376.4983884065652	-166.21068750590308	180.48906504490978
413.23411147185334	-166.80298807608432	163.29554581338016	410.5350599754303	-129.12327878892165	178.61542211692145	375.50611378881405	-169.0492641698035	178.56958966039753
412.0081842456389	-165.3238798239204	161.2416465733735	410.6111220565649	-127.51159606611199	176.3649351447816	374.73137201277086	-171.98954903703716	176.28965530051244
410.5701483666154	-163.72014696774514	159.0085180721657	410.6421021751481	-125.75175715090128	173.82959803956612	374.2348616546771	-174.88159035004654	173.720327451687
408.94315761663887	-162.04424512658355	156.67582333641198	410.60487800793237	-123.91337230703643	171.07738320765026	374.10607118813397	-177.7711846700547	170.92961178485828
407.1602183711419	-160.3625024591236	154.3259937760255	410.486824132394	-122.06905438524569	168.2057722479397	373.78545519504837	-179.56555929843293	168.0179809463715
405.26617094824	-158.7289073564727	152.02941056031585	410.27608991761434	-120.29792466128097	165.31203294091296	372.72107068928557	-179.9143039501998	165.08556606660713
403.3062235328305	-157.1991005189216	149.85109450321025	409.9566670141842	-118.66731166966441	162.49686121178658	372.10452444311665	-180.90773866966654	162.2283727590365
401.31011450112237	-155.81062451337658	147.83655702575652	409.5194803256267	-117.23847689628445	159.84143633563673	371.0820766698962	-181.2821713009318	159.5321724180059
399.30887119509117	-154.56585499745228	145.9911250793157	408.96211193191823	-116.04807580522069	157.40406654621307	369.4767474499436	-180.9220547066484	157.05705175965494
397.3171426157419	-153.44409974846894	144.27298850045474	408.291214692648	-115.07919327637342	155.19897501253354	367.96357728607063	-180.62725661906245	154.81422527842918
395.3158698660154	-152.37959366371902	142.59691171008598	407.5139948177849	-114.27863202329613	153.19643772450326	366.5866939238483	-180.3776441679189	152.77390044165813
393.2344280301853	-151.35537788670658	140.91418570661074	406.6116687345034	-113.61742764474366	151.43990567572683	365.1422382836486	-180.05043095344496	150.9798224443453
391.21033265060385	-150.1312421412793	138.99477890600522	405.67218732837574	-112.91184077101255	149.78645761571897	364.5538904036291	-180.0378373804906	149.2864773269355
389.27719094370923	-148.59866413630573	136.74253647965497	404.7277189033281	-112.13696705035602	148.26390622980986	365.3015939200822	-180.30900071200796	147.72167265490242
387.2806014450352	-147.38804944780134	134.80435455332787	403.66936629373066	-111.79693757446583	147.41935539278083	365.0045919352214	-179.843489405914	146.8410036414067
385.30245836245865	-146.13063405122762	132.80211508555658	402.61272965671446	-111.47842620084852	146.636181804096	364.8362618290171	-179.26903163493833	146.02269783360782
383.34984133710424	-144.77054031226686	130.68074723942422	401.39520879392614	-111.66310727743549	146.37832746271823	365.6063932964657	-178.3351361916428	145.73861524115887
381.36417706970644	-143.53790854259034	128.714203095403	399.982849056037	-112.26998221008785	146.49547262327025	365.13323159535656	-176.4568569066467	145.8434458488147
379.3545269677344	-142.396060926699	126.86583085368738	398.3387039537457	-113.25809467606281	146.87408896013906	364.4489729584928	-174.2234875232004	146.22015392207965
377.31907130539173	-141.31105020960513	125.10383985821383	396.4586852631127	-114.55507959920108	147.39789628711608	363.60613917532004	-171.6840419529237	146.75259508263306
375.26181519249417	-140.24561011140906	123.38011180272133	394.38827790041887	-116.03659146216302	147.89685115897115	362.72247244936455	-168.9697958842791	147.2684918983963
373.18454513019867	-139.17185514086555	121.66771377814523	392.1756813386417	-117.5385387007142	148.19208302058323	361.7127708454519	-166.16912691847554	147.58588326833564
371.105660088706	-138.07104024893303	119.9519891202261	389.88266661479884	-119.06192821335537	148.26782270162352	360.8990795567221	-163.41253946636948	147.68901991171973
369.02443591328165	-136.92738701600936	118.18478593198299	387.57073052533815	-120.37558756344114	147.9428007701549	360.1820277785638	-160.8491815990791	147.39139679953462
366.9334786928858	-135.82187774182344	116.45041753810705	385.2648283497799	-121.48144258875458	147.32190450484137	359.1445940664393	-158.47839618592064	146.79429033688015
364.88174703315974	-134.4435583477254	114.402620850745	383.10296147967057	-121.85795812956647	145.92101949785115	358.50772958255567	-156.39441062981805	145.4082885207711
362.84073233642187	-133.06061304998943	112.35186709712397	381.0921203023287	-121.85990572634293	144.23526492475003	357.706570301823	-154.60728580099186	143.72863139541323
360.8185486523746	-131.6546749774496	110.2665574948698	379.25934375103964	-121.26021559248825	142.123991852445	356.8017104292074	-153.2061320258982	141.6098748592068
358.8133352743454	-130.2250536826595	108.15666016786354	377.63996169875867	-120.1149679453604	139.75163397683252	355.4461007373864	-152.1082664538517	139.21603550789948
356.8299495641702	-128.7318959577704	106.0082300388404	376.22741551174784	-118.44413924774983	137.21763809026191	353.7922791781689	-151.27695455578547	136.64513043150774
354.89281661466606	-127.26589801181697	103.86999579639117	374.9557674160862	-116.12871227219287	134.45759307624672	352.0561775817212	-150.8614555694776	133.82601607535372
352.9971633779289	-125.85799955528452	101.76906990792196	373.79406314779953	-113.34898007467203	131.5803252067011	349.6440355977386	-150.7509990067328	130.86877202483865
351.0920782863921	-124.3988804527745	99.70520638539077	372.63106290160385	-110.18619657065375	128.57541545207394	346.8733147718027	-150.7432298382338	127.76932053150695
349.20464543956905	-123.03199138076104	97.7601870590383	371.4071022943214	-106.85424324286144	125.63991735672829	344.03900679228406	-150.9274886737985	124.72507895224275
347.2676292102229	-121.68585562717286	95.95357863006215	369.9837669173088	-103.41808613046186	122.65323284428867	341.08660403671666	-151.105089935945	121.62280982933196
345.29807802428985	-120.4883008215075	94.38103453115738	368.266609108774	-99.95689571732972	119.62536886425833	337.48623066080745	-151.22876099574057	118.47185395886045
343.3474407443431	-119.23886024148746	92.77824915459655	366.31385273423723	-96.24126200198076	116.20055671850815	334.0564379569864	-151.3109193564138	114.91442740260918
341.36148176870415	-117.90381620119155	91.19767022200175	364.1840743858746	-92.38069142972859	112.43536182481114	330.69870356637875	-151.3269530884124	111.01027373873174
339.27077811833266	-116.71239846605516	89.91490139650104	361.8877906305303	-88.76100080999684	108.66589921604691	327.0547011190969	-151.34909694731752	107.10432797796331
337.17088424289295	-115.38766451075756	88.54926754582381	359.6044933930658	-85.0064818106167	104.32163563442884	323.9277345584802	-151.4683657310053	102.6152784506951
335.04631438381995	-113.95850478490793	87.1410307820205	357.24973747883854	-81.69791800367292	99.97211395749977	321.63159713357265	-151.3416654654506	98.13733973960782
332.8338739044633	-112.62045677576276	85.91844419947022	354.8894787340536	-78.74847861906797	95.48431233636148	318.4611790538989	-150.83946800145185	93.5341690843553
330.5475811143844	-111.31256220839506	84.78405953662978	352.56498785341654	-76.30315618084802	91.02545402708022	315.7466033421473	-150.20644290192723	88.97653096552204
328.14391554106146	-109.9494895645222	83.68945376929773	350.2162447503087	-74.29085934920636	86.61576699656456	312.8204393005165	-149.0881329142476	84.49357273223023
325.6765719038639	-108.65286402985384	82.70878078298055	347.8991688507705	-72.73264158624896	82.36460564538336	310.07161984510066	-147.82305992141684	80.17779736771614
323.11953774122196	-107.3134911268454	81.77943651048132	345.6105469921781	-71.61433744871054	78.35185264981851	308.14516979760236	-146.50244599501295	76.12103367811007
320.5394121165446	-106.06393239607613	80.9522174344692	343.4502246753727	-71.14171085114191	74.85606935080006	307.0213833427515	-145.1703819156656	72.61084972647622
317.91249913305023	-104.83528114695399	80.19549657864027	341.35721468405126	-71.01147840800454	71.80078612100213	306.81614447533946	-143.9217196712621	69.55140340664695
315.26201712739055	-103.63880505321575	79.49829984180928	339.3445077973332	-71.15087264259907	69.33404488943472	307.31121512653016	-142.6547873738818	67.1175866548345
312.6418167238711	-102.21776308800807	78.54556528716948	337.48695679424327	-71.07625451696362	67.10452982176382	304.78307194248765	-140.56481185885212	64.91780630980621
310.0285596264348	-100.89277543269819	77.66848404624331	335.73482191871426	-71.16685064828376	65.6754925783967	300.83705120259737	-138.3555316629051	63.514599837073185
307.61394014243035	-99.48294616257334	76.55818191824316	334.06414809303436	-70.99614884652355	64.67336619233537	297.3273443152895	-136.21811988516896	62.51991547774371
305.0176339904387	-98.04264206683752	75.7355954048055	332.54753950569136	-71.1245043561668	64.7823416941938	294.1157248774631	-134.26834876566627	62.64735051860123
302.2820769477475	-96.68601983871736	74.97122159660614	331.07560431491765	-70.71709268023051	65.15950983893924	289.7962650076371	-132.7482888019852	62.99878069930217
299.52165069940236	-95.51415345989683	74.12285487600091	329.6006195288775	-70.2941351777138	66.35035369759477	285.0964986128467	-131.47712672493114	64.13361047090824
296.8232183135377	-94.64441753325559	73.71727692100451	328.21883102040954	-69.67162320883195	67.68681228847207	279.02568585598374	-130.13625584573063	65.39449439846312
293.76953752978204	-93.79192387053273	72.45297724542007	326.81859116542375	-69.22939373147037	69.49016529510749	272.51633702194516	-128.77214415988695	67.06579390171284
291.5370379215502	-92.03155991978804	70.48953667551454	325.16516418917905	-68.87430708669444	71.99755707607444	272.7895508568631	-128.32165254354976	69.51780281580787
289.6365308900249	-90.00668671457666	68.5122687836025	323.1966478689273	-69.11892524844473	74.70599129851468	276.6745107024277	-127.67397795925554	72.26772244996936
287.9396494948056	-88.08007772092998	66.83100305675306	320.8381090399976	-70.01114526801362	77.58908328264226	282.0722078182495	-125.7424387853436	75.29569075372754
286.37015140228505	-86.34531512669219	65.45096357326923	317.97005470395777	-71.12138803547998	80.10149896576006	287.42249159088124	-122.20092916752728	78.02981701554975
284.7832329245882	-84.66878316079794	64.27906917981943	314.60532031178826	-72.31507761664217	82.11317387710801	291.53305216678996	-117.18558155567428	80.31415538164333
283.1187590273013	-83.19434879893143	63.40161761163843	310.80422367879237	-73.8223457171489	84.01098161025004	293.9270344327949	-111.42449389183378	82.51458101226928
281.302189603319	-81.58909984704894	62.437528364237096	306.7619744057121	-75.09557601202084	85.3810575479408	294.9869422493836	-105.17657781759947	84.189090455005
279.3082699015952	-80.16365985528532	61.652283456865696	302.6422157786213	-76.2101762356717	86.44957512919049	294.2835038730713	-99.68564852695621	85.51947983615551
277.11520699719927	-78.92831819230281	60.97218331562293	298.62647323840554	-76.96182468904007	87.14275650692372	292.27129276623316	-95.50849709021514	86.40624128981528
274.65690074897293	-77.76302589303307	60.29176567325858	294.8925383283902	-77.14269954665752	87.43644585475397	289.46763637412226	-92.72295186907562	86.81613598077878
271.9496336495823	-76.65877057953674	59.568030997481046	291.4757363268461	-76.45563712338226	87.22232481690803	285.73447093090846	-91.64148541163445	86.61551577892892
269.0758674217314	-75.73469115242412	58.84397820203854	288.44843415230287	-74.87836971757382	86.56640666049894	281.0592402165484	-92.19235024761147	85.8644685997297
265.9954340552672	-74.75493973140794	57.96339354292938	285.79651076383186	-72.41694723964228	85.49641960407234	275.7700299196985	-93.44037365309525	84.6266305301913
262.8345253961858	-73.83334906239482	56.95090550480034	283.5266831266338	-69.26552526824247	84.15127729597907	270.0348363998291	-95.18617544253374	83.04885481820372
259.63411930901134	-72.84225312381243	55.749686358378206	281.4652079095547	-65.4345296241541	82.4908685799167	264.6952749141097	-96.88100643761484	81.10880043195785
256.51772579659064	-71.7597984226702	54.35730636419929	279.5137179006526	-61.135379211757	80.60454647209653	260.2408176929485	-98.45454819912165	78.93657549094166
253.61109136956614	-70.54724518853197	52.733224258297106	277.5223111874509	-56.56134669144012	78.53685195195072	254.03495156126135	-99.98733579330197	76.5298710772016
251.05606113306362	-69.17078166276457	50.88180395314585	275.3535988681632	-51.9532873635819	76.36088020505643	249.1784873474965	-100.73652783372248	74.03507935711531
248.97570832521993	-67.54468326671751	48.84679196253529	272.85521254193446	-47.437685064103505	74.00076464508689	246.31229600597283	-100.57667568767422	71.40866581179931
246.96287403595034	-65.82763644528609	47.25697909715989	270.0694767227213	-43.59484525129231	72.12980282879116	244.67905062759297	-99.78638733324078	69.35803882636951
245.02421742260154	-64.25835894469597	45.998892919490395	266.88002481579827	-39.69922873050682	69.84157220911777	242.61580066080276	-99.0001414469052	66.89168178705694
243.04284659084482	-63.033529732791465	45.238479333626536	263.38821650764527	-36.42470945804162	67.90415650421727	239.75301165177243	-98.27955278147806	64.7984169713578
240.822927655354	-62.35117822350038	45.29801649971884	259.81879411009055	-33.23905108940683	65.60371940120623	233.89633199999892	-98.18601616871047	62.28527999414412
238.09479800460622	-61.81602065514922	44.74666313876245	256.24405695162926	-30.396004239442696	63.594076798619284	227.10661606131188	-98.10881781710299	60.0414585050778
235.90041262299056	-60.56199067742902	43.94267081769874	252.70521739472758	-27.62166984733291	61.968050549102514	224.00493169107057	-97.23967138152199	58.28232861815181
233.58938256773973	-59.44055839240757	43.36630136896474	249.44372495619797	-25.424064770012986	60.52507951291136	220.6259630702546	-96.26750723028317	56.73160243369082
231.22816422395906	-58.39433386613686	42.99487420114852	246.4858110779622	-23.541359350027193	59.17377916881877	217.47128129369554	-95.39476877208418	55.28302194231547
228.85952921389546	-57.42686007669785	42.78295459625656	243.79431705037518	-21.647549243944237	57.53597298499884	214.3003498299619	-94.75462019297849	53.53130997435428
226.46406229204845	-56.4993261799906	42.6869189454154	241.33219633570877	-19.794559623510946	55.684616578899146	210.99029228803977	-94.17064710471027	51.55683796010803
224.05701340163642	-55.65395500678515	42.750060197838096	239.01269322619305	-18.21959564209166	53.8827985045203	207.8648109706429	-93.59114819699748	49.643784557498066
221.6070629767401	-54.54561611202158	42.63862009315736	236.83170829935457	-16.571428574608234	51.773915825629814	205.37741037214573	-92.89770484741597	47.43424710246403
219.15318965458226	-53.556654862739926	42.676386543576115	234.71551748584164	-15.188135639708541	49.63833411330389	202.13993723971913	-91.85720226847283	45.209238601774345
216.7012616076073	-52.58381005194369	42.74782440811536	232.56241370346154	-13.93184857821441	47.37110082518084	199.4963349948514	-90.93614421879045	42.865810031278706
214.22158607879226	-51.53201799196227	42.80436853392875	230.37887618806386	-12.841593731460227	45.09483918820568	196.7509986191983	-89.64893188787653	40.53883155143507
211.77179240657642	-50.531941215453465	42.88635070489058	228.19851373593838	-11.924554484321138	42.941852448911895	194.22439941433916	-88.37203345971346	38.3490627037613
209.35029162963184	-49.566881438927446	42.978925611561834	226.02722601334816	-11.11650279102718	40.958400318758166	191.84820464283962	-87.11954811539908	36.337505759066495
206.92974023072668	-48.54891841687838	43.02325052921899	224.0536340065478	-10.576186834605712	39.597385607551665	189.88204407428884	-85.85064008262	34.97028530790099
204.5184823988097	-47.599705037854875	43.1092329483678	222.221129635869	-10.06376515010141	38.569989427600504	188.22268317067517	-84.9223949478538	33.922341221781075
202.11333375782647	-46.534754753689015	43.03550507555261	220.60468773402755	-9.757794654359854	38.27190638262532	187.24149054189144	-84.04968257445572	33.62140349912026
199.693261146315	-45.293158767688766	42.75855456318849	219.23949008163638	-9.804841873140047	38.924226220243376	187.23682772371885	-83.10344333427855	34.30885499318306
197.32425661338186	-44.25600905332576	42.62466302239084	218.12430531941118	-9.561908547193248	39.66756739336694	186.3548663437484	-82.5581816384232	35.029723718098104
194.95046327716187	-43.06501261124214	42.30366979871229	217.24699052264754	-9.626528353187886	41.08162741719799	186.16881369676472	-81.86518580220806	36.456453771814864
192.5678945177064	-41.94662917128197	42.03936229195426	216.5882945842243	-9.97726620134059	42.89999367005929	186.124532819307	-81.24346243211136	38.297376171912695
190.19402167632649	-40.880564970900515	41.800810846615086	216.07587964584422	-10.795010592632185	45.19703285510967	185.88691070058502	-80.46172785173155	40.64936906485479
187.80619781733648	-39.77087795176256	41.44983592254704	215.5206857742507	-11.974369986768124	47.57701473795517	186.1000046554355	-79.4262639580645	43.129205918528804
185.44679215404523	-38.830487442289254	41.378513784872084	214.69478674905133	-13.59032944058129	50.056492537113414	185.43752729167522	-78.18470309513424	45.744713908175434
183.1206596818539	-37.893669871294286	41.24942314068895	213.47084624407563	-15.760355217435059	52.67891167202643	185.1502683673927	-76.41290403201454	48.584267261157024
180.81282480315593	-36.941922412143214	41.04477781945567	211.76390509933546	-17.921623930111753	54.7919803543446	184.38270773274843	-74.33301920497104	50.93864055752525
178.51908083995835	-35.95299007028451	40.757511472300365	209.60708604468226	-19.977310374311603	56.3860919779082	183.7349433191139	-71.92104802388424	52.8004564452941
176.2012139481872	-34.87205956583482	40.32418897342801	207.07434632017723	-21.97365173070601	57.66444702887648	183.08831498907193	-69.15579870808423	54.37398777085271
173.97495668069115	-33.86796356785949	40.01335439464575	204.27450329529395	-23.704089099154135	58.557343661691164	182.1269931067997	-66.38398452839436	55.55359539032664
171.6897911476112	-32.713569472962874	39.52620878697678	201.3681088158043	-25.05468969582894	59.18784565478163	181.3514923101741	-63.468203474413855	56.46270669706206
169.44132770930747	-31.60333697271563	39.06458931712369	198.48515937492843	-25.80025906630678	59.5517265387315	180.23527281911774	-60.88135388118284	57.043219337780876
167.13267319559924	-30.337497684604187	38.41490529487807	195.75662368470302	-25.832673745417782	59.692812396377775	179.3079578632619	-58.36493954797734	57.35159605124834
164.86036943106103	-29.134834804330822	37.80499721642572	193.24742634020203	-25.042081437073787	59.59044811182159	177.47332672981892	-56.67105676392036	57.29477118062646
162.5131748414837	-27.78334380642447	37.001046572103064	191.0209248483975	-23.49014561143368	59.3087007533402	175.6123624175947	-55.315894388800416	56.979153077540474
160.21115248642369	-26.525259774637206	36.282373497469905	189.04415852362627	-21.16798787250548	58.834158733709465	173.75624624875326	-54.476206357341766	56.37965283614409
157.88540181812326	-25.225455757332195	35.51518394461047	187.21590943446665	-18.190120837696895	58.14983662182614	171.29771000446905	-54.27894183012991	55.46780413380456
155.5444334867497	-23.93334808291056	34.747217428032585	185.39418500955432	-14.65246275796213	57.196137794909916	168.61318333252706	-54.449204946156485	54.217368464858154
153.22943256903048	-22.70677335576566	34.06509926761939	183.4502899401772	-10.672810664936241	55.93504398802458	165.41652455891776	-55.025502205182924	52.59576344224941
150.96513785508483	-21.595973612594026	33.531061625874095	181.22954661346307	-6.358601195588872	54.38910058362619	161.49336912703006	-55.94316563860686	50.63651371123128
148.75349470269828	-20.671975810265547	33.23453755170731	178.6248040458542	-1.8914176394759905	52.5567463005311	157.09642415064985	-56.99597504785659	48.37768272132237
146.57468048026612	-19.65769036246025	32.877435932497264	175.53285642837338	2.499307571061771	50.666331039963055	153.10953952221948	-57.43625149126856	46.14503696473934
144.50340507314507	-18.74757697948081	32.68030082823782	171.94018305420312	6.701683310889591	48.67479235719713	148.70979486673767	-57.65466269342237	43.852156570736895
142.57435085626378	-18.180724219587052	32.89605558349891	167.9077644177327	11.269400671400865	45.89433034541682	142.47133381094966	-58.40278997642168	40.6563171318465
140.66739556894584	-17.448295151127997	33.05850241119097	163.65226620760785	15.256155510689965	43.304781567257436	137.4128868672154	-58.31331060729602	37.783996331286936
138.73593659647406	-16.742739169579185	33.37101331763015	159.3488442604967	18.755924668281654	40.59343760183406	132.7559692292389	-57.964701228852505	34.854368787726116
136.78860482226187	-15.995715123620998	33.716681276357214	155.16453166515151	21.67810326696319	37.93660311767949	128.38973771236928	-57.24377286446635	32.026774862654776
134.80602138457158	-15.2060165456686	34.084267396587066	151.0653734000068	24.164460704326586	35.06088450057433	124.81014643378697	-56.31650018800633	29.04785930317506
132.78502926364104	-14.553719118998016	34.82134356856156	146.5652672887484	25.88541681555902	31.983958594677826	120.30983915809499	-54.53062850072174	25.905863953411718
130.80143132892442	-13.956825445083396	35.53243651390865	143.19610677007432	26.620713514679107	29.965911706525823	117.36484877332917	-52.884070467700695	23.90149975329111
128.76322662272761	-13.336311880340258	36.2885365052267	140.42780059978236	26.97442164858648	28.06256197615469	114.90620540075412	-51.191176559790215	22.01701368481368
126.67941537062693	-12.687672991212656	37.01928135203735	138.67499191633578	26.799381521432313	26.906643020772282	113.93372478513396	-49.885926818355045	20.918844448714204
124.57928070019216	-12.060334117885873	37.723188888235825	136.27266957668917	26.325962024474208	25.30315607971471	112.40418429812786	-47.86903579855915	19.44740705938703
122.52273778597615	-11.511611465902632	38.56700925643129	133.42464785040175	25.795805740288042	23.410886752383135	109.98012389676481	-45.3829073239249	17.69067756880478
120.38095628225982	-10.843206720698129	39.24404646481618	130.3423953263951	25.35181085415283	21.392034827391633	107.01874011097314	-42.480014796830105	15.822529897302244
118.27241322181291	-10.253675276564032	39.99218391335925	127.35107912528119	24.98102729850877	19.70463952376804	104.82626084337456	-40.1515679063345	14.285999832192942
116.11515399522958	-9.545722289539832	40.57173314590342	124.60336357784476	24.770494164999427	18.50171745352641	102.71828258540395	-37.98345011452639	13.211954657846535
114.01352279822993	-8.935854743731563	41.215032906607725	122.29488370793737	24.88746380423568	17.687917744221757	100.09742486432133	-35.77508164815805	12.023919850664821
111.87652626644886	-8.238325862195909	41.662474882424355	120.43981611477071	25.072088490698874	17.879568225383036	98.30135608661644	-34.207997654474035	11.832436531202056
109.77520388761018	-7.638670946870996	42.204381183212625	119.08943369894178	25.53220064433883	18.844283269769733	97.26898085159698	-33.77346303127507	12.31587500269347
107.61884335627833	-6.997200096448202	42.70303540516229	118.23957872507424	26.463448838601327	20.18333161218964	96.47130862159256	-34.111526695218245	13.036591933015927
105.42257526278094	-6.236163614674627	43.00838197253627	118.08062728318578	27.25145709945901	22.386216115339618	95.54163826393821	-34.53423751132773	14.574127200322955
103.1933077575148	-5.236044033328556	42.93103599196777	118.58815502796884	27.718925850729196	25.35468051373475	96.28459958129505	-35.342601859725335	16.895971912564555
101.01004103234632	-4.550757083888315	43.20072619372557	119.56682328929242	27.852158399321183	28.792425237280202	96.35097728617347	-36.54262489607902	19.605901445666007
98.80331446353468	-3.733076711571512	43.238123702081964	120.80148668834093	27.274362911611572	32.982731802959236	96.84217813265579	-37.556595052566294	23.17129765633497
96.55384120668955	-2.7131215314060255	42.9935871026641	121.95106891490414	26.08979022217719	37.37749243849295	98.50319673015443	-38.08769029073653	27.150376627540332
94.39281722091083	-1.826170698982215	42.8116615958024	122.81921179960159	24.259442612447735	41.81346522304294	99.28909319195725	-38.33192565241547	31.28465576294635
92.39675884191911	-1.3358944491043032	43.033863234430086	123.14454319562958	21.966864229835085	46.283646494275295	98.89162596721673	-38.74895995264022	35.478393255666575
90.44753021289783	-0.899833485464417	43.32457046239196	122.83313905768813	19.400602170746318	50.420652687064056	98.35587239386545	-38.80639561024755	39.88358181845486
88.41562097476091	-0.0571247296074588	43.20594070802705	121.7642188444986	17.04300472661091	53.58968351055262	98.81537600019644	-37.52774311012907	43.61013803378131
86.40742221050587	0.6423394531044433	43.366691843305546	119.74722486722638	14.74112908301713	56.83502739375652	98.02439385827843	-35.96351218705886	47.46205118655569
84.40644284498651	1.3983249359636987	43.459445508494824	116.6989044727654	13.047254582317912	58.76690949335878	96.80938968491435	-33.45577723694351	50.10606607398959
82.30668829164983	2.349788369469032	43.328812402222816	112.64527540989874	11.903670113110477	59.57787695936791	94.99920092861873	-29.95866343078984	51.743245770909475
80.3061733754217	3.1667310891052454	43.34746122544422	109.36401905624385	11.294135781345586	60.56831201655588	93.42116646985997	-27.426938786001003	53.29709058122973
78.18096423251772	4.2146054367091335	43.13139194752803	106.52583747889769	11.353973010216976	61.45220482005747	92.30469572235593	-25.09286511713138	54.605143363345185
76.06828071277121	5.21645871953059	42.86558449111932	104.70665915477892	12.007490797122292	62.71327002783882	91.30161436365701	-24.069463822433683	55.92260346092611
73.98602273991793	6.152462250952589	42.60707939963172	102.42785080906881	13.49999343125451	63.0791057505689	89.62828936846927	-23.060505128634652	56.169884893872045
71.93407517953356	7.020734837541159	42.40313005943273	100.19418332580032	15.794959013615118	62.98132121146311	87.36747684396747	-22.729613769359283	55.66244920682264
69.78406862999725	8.035394895561401	41.899076524105624	98.09728018372726	18.508836470919704	62.72521952423534	85.12996955021359	-22.656615640177925	54.84368827577804
67.70905027199132	8.9010231389702	41.52023751773221	96.04413805242706	21.620242653369964	62.28210616877878	83.30025012043778	-22.78400729597214	53.71385339188447
65.59607528140153	9.841122477430751	40.93839926609573	94.06353275040095	24.672952185970438	61.942126853357635	81.36960449600623	-23.10542298540448	52.65406390766269
63.6053409358225	10.565347600052887	40.56615795459009	91.96130402476906	27.770559860263518	61.44856246653622	78.05611653278346	-24.270119019095453	51.23481016063892
61.65968323535232	11.216416395827224	40.175030055219004	89.49952723168765	30.602064686926468	61.25866725382774	74.13140931323488	-25.386331337482602	50.178776250469646
59.69834797505787	11.879256203699052	39.78285900420819	86.48027986721985	33.5417691215223	60.87743681740311	70.36159955102843	-25.947561864926726	49.10726008625336
57.85686823518542	12.346325530857408	39.71172753988129	82.97946475647781	36.60384756654572	60.25682345074841	65.76970660099106	-26.56064783285263	47.79303992973965
56.093610355273846	12.813880347881126	39.67081516088051	79.24253305621	39.346844034979384	59.94510510784494	60.145016540529554	-26.979329843011016	46.812533981579506
54.39791998698764	13.314503964844597	39.64063941177391	75.24464375461412	42.1123404462096	59.41428558407843	55.62273054007374	-26.859619155185612	45.920610068103336
52.813323234061016	13.432755462299225	40.18989642620106	71.15892119853756	44.9083551400128	58.63419966924519	49.25348958008461	-27.026816440036953	44.41094934022203
51.27910224064042	13.702979692971713	40.639668053883334	67.06359296255847	47.57454423429625	57.81583376632821	43.62113085534364	-26.635487494462915	43.00973970660416
49.670041168080424	14.220694325184438	40.91335953203013	63.244851063349145	50.031774487602576	56.616963383126674	40.0681679450087	-26.036901878215616	41.57824939963485
48.05324365210104	14.737561470169346	41.254652867430735	59.26553643487497	52.034944405679525	55.64425167349901	36.17019578874498	-25.035808561378275	40.3926511881344
46.49553006208009	15.054616632051292	41.81442864286727	55.55683579180847	53.6693318014496	54.46130750208735	32.288114474752	-23.97531838625133	38.99298418706536
45.0239988355779	15.282498201842454	42.55105105510981	52.13443922022794	55.15561888380742	52.694524098175265	28.727616501334513	-22.75567817884597	36.99774382379296
43.47579548251446	15.787787926019224	43.0000198062844	49.00242661499415	56.53726318548581	50.405844094448796	26.881736342368445	-21.64888582438475	34.69085145182844
41.95696858097706	16.035868949544817	43.821664288418255	46.11015835527932	57.38577171063257	48.81446605631318	24.57119581495944	-20.45954124726707	32.96756584400043
40.42785179527673	16.349161994146336	44.51499033764433	43.49398759500633	58.06689603742855	46.71275791933128	22.921736853192154	-19.166847553747473	30.84935057142912
38.833637442421704	16.742386941351747	45.11065333420035	41.160900756880295	58.485103014155	44.577440244506114	21.494138638704833	-17.600043717295392	28.737075424640473
37.293871998773646	17.00767623447931	45.88961789046458	39.160219345246404	58.62612300846634	42.6429917113223	21.305085398101273	-16.612467092947554	26.911640876952198
35.65869976151915	17.42384600239562	46.449008817154166	37.42205486321619	58.67273061410336	40.95982214746437	20.09369250398902	-14.855131597485311	25.22380617032936
34.063266035234044	17.730234126194336	47.085556026966785	35.90992435809353	58.75051544529223	39.55256074564616	19.20418910570803	-13.5366888565678	23.75302499494709
32.482363655542855	17.99730166161827	47.77798110118471	34.81904524936677	58.70507203899426	38.8359137620507	17.599766782257625	-9.44684228455202	20.067504893893354
30.880676598771643	18.258254379086882	48.43791389215083	34.146993654808796	58.662074061096256	38.652804597909466	17.335705412324856	-5.816321381990981	17.199565770177692
29.279882583221816	18.4734099388102	49.07822160580889	33.72215127320377	58.541396020359024	39.52329555215622	17.6065479326854	-2.8730820258766627	15.544143258937616
27.697165173705457	18.68217854584612	49.665918719829406	33.68672821950908	58.24680808110764	41.04962194870721	18.378347011575237	-0.4330531173943939	14.691029265937019
25.95080673348918	19.044807597400677	50.046370055209536	33.85710858372751	58.21524287441689	42.89970598705624	19.631190026345536	1.3954280198758866	14.03985312779384
24.30050379240333	19.062827375873272	50.807927591910094	34.14183370398508	58.53839894575886	44.79417985040984	20.465813113863813	2.8361676400493323	13.213668079135214
22.470137053010575	19.59998458501564	50.80394693197282	34.7028680583328	58.56435331967225	47.15868832223842	21.92457094344679	4.100813478966344	12.848345214753245
20.61765903162908	20.011656011635697	50.86422028142558	35.421199610565694	58.22566990788603	49.765125943911166	23.341589918468028	4.9457490746075905	12.834464447521952
18.71929341164234	20.72536718891394	50.49889640975268	36.26891872329088	57.23847400537363	52.66086691396575	25.106719028555943	5.8399033655580865	13.303544614367027
16.808436106172785	21.334188412488995	50.220451274182345	37.03961721977767	55.58919973624894	55.69594051419802	26.74982149633119	6.501317382945132	14.250432286069532
15.033626658229224	21.822907760838888	50.074059524756024	37.532994090696874	53.548806684903376	58.36721954980878	28.47955518320137	7.211658002680046	15.617578462286524
13.228126092096606	22.422828210628815	49.74167249303426	37.667255990515535	51.19812318004894	60.593669897578344	29.94584969371428	8.183926979880702	17.171349685943817
11.561190199890632	22.893788510109786	49.561514154242154	37.5155369934413	48.57187125550451	62.51938019198843	29.81816006277937	5.17721035159061	20.343296327172958
9.835830120514913	23.4794995869459	49.281691333117806	37.05330263032956	45.93998185177085	63.99110727204151	29.676745742309826	3.045110031755371	23.778656583291834
8.121257902855735	24.047454859256845	49.0881164245135	35.864559319611	43.41012611660584	65.5400834539739	29.13215868661424	1.3991639252104378	27.62028009009444
6.274595322643039	24.855816257419168	48.567000043063196	34.49865623305192	41.324903102754014	66.59487781158296	28.34560091374194	0.510193699770646	30.87535831289759
4.523618480148074	25.46762485415343	48.33182044450068	32.92239826170187	39.738013009963765	67.49552207379247	27.61088631974652	0.12218603615121282	34.12024325684305
2.7958677723405874	25.97028287278206	48.20842156831651	31.037394319953368	39.006080514950426	68.02224158730945	26.35531726446631	0.15695102134554872	36.43015582128416
0.987583770630406	26.654379607048472	47.81177999078632	28.94913591240312	39.159296404327776	68.3081300473491	24.69532116324428	0.3468642545674854	37.604942496883154
-0.840353040859785	27.30030245630287	47.41171429853969	26.576896222118187	40.32289709031895	68.10760495743637	22.542772849293108	0.670288226224649	37.732603594230675
-2.6619411624668583	27.8809085606986	47.02610615868774	24.145875306499935	42.1459355520174	67.81518848351251	19.986264868917214	0.6704337493642356	36.97698744573982
-4.448342097170134	28.373301277621163	46.68172576321743	21.690678827662488	44.435064710311636	67.55430773790178	17.053210876474353	0.14667140759198105	35.826592246378254
-6.181937836035957	28.767306938023246	46.39847475614993	18.97267116206569	47.37378906037102	67.00486041770598	13.280439871169298	-0.7695549309515641	34.054719016319844
-7.839935017585519	29.07666619408587	46.17544274307514	16.06937551412584	50.66029640918878	66.27468564082797	9.099482037363083	-2.0204869082660863	32.48197688543441
-9.453930835958014	29.383695150113407	45.90797722827001	13.078392715539405	53.94324081616473	65.60528696571855	4.11477857703075	-3.669364520415961	31.000050808827673
-10.890357216284094	29.495170744328657	45.902183673285485	10.032880323690456	56.90946872309272	65.12706419041696	-1.2795460546157589	-5.438069415757383	30.210699535283993
-12.133808097616498	29.421975276766887	46.131135308358495	6.681050910622691	59.44528841912238	65.13291009858366	-7.79377610170827	-7.132548405799497	29.963370548272458
-13.404019671095487	29.572690267554957	46.11384690441828	3.24840748607671	61.28580324768918	65.32812751535562	-13.851317735303956	-8.144265509060709	30.966417554918095
-14.519422082916279	29.47723399447946	46.47854188976113	-0.643933259207203	63.25277214097959	65.08747283899251	-20.75930189761705	-8.133963960398901	31.44291198766306
-15.365368534034626	29.05004692257254	47.33274593954376	-4.808169940328576	65.10272023336545	64.5604364109468	-28.83098193770477	-6.367826615253165	30.83139739763174
-16.30629821843234	29.045291870882405	47.7413241291752	-9.10397704066477	66.62649805055993	63.92769046663905	-33.46247072292202	-5.486477901668067	32.26742465782358
-17.177876240223426	28.83704377925472	48.47499063342827	-13.469919465090111	67.96492439009322	62.96756061799203	-38.468923899696954	-3.568678892657033	32.62144223021767
-18.127603369531034	28.993303019918592	48.804618679398786	-17.84376036472303	69.09855593107133	61.657641949113824	-39.690803515273515	-4.032629218504923	34.03883782133208
-19.054367921429847	29.05730068282319	49.32908368407019	-22.18549916098582	69.98872102950922	60.052681023419254	-39.20283705835726	-5.412053201187021	34.97347402825703
-19.887620526690256	29.148849890409245	49.8394349526003	-26.383605482691195	70.59623258589306	58.1369253844822	-38.8380411086521	-6.099039243159609	34.75966135628767
-20.80003038973422	29.398123335511727	50.14711373767806	-30.43918029597141	70.86747725292136	55.98657204186962	-35.91843312293797	-7.618007953197036	34.40037687754045
-21.601584344764234	29.528237449684205	50.6045976605756	-34.20599034225484	70.66407196679376	53.88978581128339	-34.20791034222854	-8.023214871061668	33.49350866534925
-22.378643918208404	29.63658633594644	51.084951964974	-37.60731427815221	69.98641388374938	51.98163966329302	-32.55231947128853	-7.97907852404785	32.58135459098108
-23.12321511358796	29.556602359619546	51.821444837091974	-40.56526120770186	68.83675061442459	50.40255207080516	-34.52953264531148	-6.5987350307637485	31.52721476783515
-23.943988242507494	29.500429952152306	52.48511341354154	-43.015060875463334	67.2385125673658	49.29114733105534	-36.83612325215774	-4.803702943057303	31.152288204934575
-24.6895476249629	29.211427896726626	53.41768403729352	-44.91090384796783	65.26331904421698	48.75209711937547	-40.924221262665924	-2.1190459038412115	31.389370724513462
-25.38426596458062	28.74810317263757	54.55380014100132	-46.46455494863166	63.320732867636835	48.47522530175462	-44.35359155236409	0.22662318753449284	32.11980259355117
-26.192033350338953	28.46997637241959	55.42538771909528	-47.66836167056883	61.51668735650668	48.522566451097894	-46.62835046361514	2.01583286651708	33.436709708429476
-27.014586762075186	28.14824028342142	56.269026486066345	-48.59611467836646	59.998753146525054	48.797237091641165	-49.14068360106739	4.573737447928963	34.11673973435758
-27.88611695837465	27.874988468233443	56.983298155248775	-49.37147719370856	59.001360808311645	49.21930812039169	-50.19591363885236	5.514306508417704	34.77915045432748
-28.82036416019141	27.592636462586057	57.620664996524525	-49.885421424939736	58.466864640841095	50.00979946819791	-50.55120513817405	5.325145593533037	35.5569101473012
-29.8484065235483	27.510137514799254	57.84966238456223	-50.27312278010274	58.69859753511135	50.88425373850451	-50.33058953948441	4.261838819251317	35.97724192247746
-31.00929481928145	27.533559628600084	57.890172597324685	-50.430470613430494	59.57325068443883	51.91269307356219	-49.15976126811738	2.3455225220800315	36.08243341949877
-32.32531267469897	27.63270614667954	57.7912272146105	-50.38507966754847	61.060098868148266	53.00318982337261	-46.94326736921707	-0.11266063081423283	35.81439639252493
-33.68076778453178	27.631104457756162	57.79201835860276	-49.95190140286666	62.820888518853266	54.37319125440007	-44.51468145966882	-2.5589762536962866	35.747871485193336
-35.206098516113954	27.78691104015858	57.49807359188127	-49.10555484167036	64.5915361752757	55.958362004531224	-40.87060240803351	-4.586498306828162	35.818087610206234
-36.86933213928947	28.071875426806308	56.92289475882705	-47.87510528050676	66.14527775787184	57.84082999489103	-36.2946837234597	-5.767171564775566	36.27968060752703
-38.47050450940178	28.208421931226678	56.35254196099108	-46.18170721154536	67.10649267047795	60.18778311093482	-32.28114475184446	-6.365444587226435	37.54905268949469
-40.02433606024854	28.20624115454258	55.88062633898706	-44.13537863316925	67.73571953580013	62.28034054481509	-28.884561736739684	-6.543811831076809	38.88721821804527
-41.6883321235054	28.213461536534382	55.32693828808824	-41.780675781624446	67.72447533528427	64.21166226728496	-25.3858622135999	-5.76525574321235	40.50319699911604
-43.34881638033897	28.100048063144925	54.85176434915458	-39.27087938814664	67.08703799559825	65.7178757428313	-22.534960008567	-4.460194953179823	42.15131992470944
-44.99494643437097	27.837921735684464	54.52397606129552	-36.64042807607022	65.31721517128997	67.30034203082704	-20.62152536735383	-2.8696290682109833	44.48835899332828
-46.635594505813444	27.576758617380037	54.20093271048065	-34.099044951422044	62.56732583265838	68.77722299121851	-19.34326863977978	-0.7371924362081685	47.31455255235724
-48.24833991207964	27.269987766302116	53.9408975545712	-31.83228906197181	59.04079631626409	70.02167195593984	-18.65670647255751	1.7935854122221428	50.37011889252031
-49.84636406131854	26.942531297315288	53.71965190309241	-30.010728386764242	55.048931541002545	70.96468365591554	-18.38306556948865	4.787927602056719	53.50129314342526
-51.42214087742272	26.644404277490228	53.475895516980835	-28.684283228486812	50.6936681300793	71.82970182889812	-18.93470423750479	7.708679083794095	57.74722322698332
-52.97862491904874	26.407244336787137	53.14756463125262	-28.058396919446423	46.71542479813484	72.07193801214035	-19.840975606792078	11.233632396787073	61.099266575758755
-54.547739638337276	26.13360600740136	52.881416630444036	-28.16911118342977	43.409402402756044	71.70587800491917	-21.49432638040431	13.926714707602397	63.230774247712155
-56.115789481404626	25.856828275268487	52.59556432431658	-28.74743413316906	40.24659342113284	71.64225314385857	-23.419056174065624	16.448879269709384	65.29527679926815
-57.708657808319316	25.608730228459798	52.25945695316204	-29.86317220651007	37.83576615073285	71.42694974357963	-25.550245517284935	18.445759302633647	66.63974283875729
-59.34082736396249	25.419612978924008	51.828510848579725	-31.38494925358063	36.16708869555674	71.24502578085372	-27.766867582949075	19.90859874299637	67.53692239003443
-61.00803304950403	25.19701485797919	51.42483822292332	-33.24383599750924	35.22061734537769	71.15133274140582	-29.982157014566862	20.867421731177487	68.13134804323471
-62.66462010195878	24.92093691845121	51.003169323543894	-35.3875521850702	34.79328416326108	71.24711533083811	-32.22419837930515	20.855079872316374	68.55789962731939
-64.34661039409667	24.716159356795043	50.413753482633915	-37.93858358995722	35.05991008672512	71.31994158949692	-34.56745378128156	20.232055951275377	68.70419929701072
-66.00751256708895	24.418074231366585	49.822527650129196	-40.6945125441405	35.68320402121558	71.63925770057882	-36.895909280081455	18.86899912892744	68.93647933484127
-67.67522828481559	24.328941221417125	48.82048777036714	-43.672208582316436	36.639453535762925	72.07575357892703	-39.214469016682045	18.22258041678467	69.3436112098438
-69.32393720734439	24.15405946601336	47.89159250940459	-46.85925819232725	37.79734984091197	72.5698390172451	-41.53399294592475	17.15624823341349	69.76775904066375
-70.9651385734412	23.959723901490324	46.99543009457527	-50.24521740619454	39.06185237062191	73.0346744368002	-43.92887021801796	15.777871022752045	70.18010478009515
-72.5948094249614	23.777244631206205	46.097397651838186	-53.787194434719865	40.167556037682594	73.57773497513911	-46.30437823786237	15.097179595418151	70.8159600694978
-74.17165352175368	23.48446939728682	45.346991454575736	-57.48900789641765	40.998535212781135	74.12135795266911	-48.747977732611275	14.525283142373418	71.54598045863759
-75.7098507396107	23.193850004466007	44.60941305964207	-61.38615771557376	41.43658494089571	74.88699976820052	-51.35983779534279	14.404592798694196	72.61876228604729
-77.21110501471149	22.952299701240996	43.83297232135938	-65.39796551735418	41.4740019905555	75.88764566463826	-54.18800483023435	14.6762854813417	74.02486279131651
-78.66260265546777	22.624409345279567	43.19504467150948	-69.63087654965724	41.72587103140937	76.33778928076373	-57.05993363217067	13.903120473505751	74.85169084125194
-80.0733913988862	22.24039289094283	42.670276551608154	-74.01402143399375	42.149151654765	76.33606875674829	-59.97256788099811	12.187522219603316	75.24874934968787
-81.44166308925439	21.791312585493174	42.267054236953655	-78.4603993559872	42.77231530529657	75.83273604547998	-62.89999588998457	9.68192036159271	75.21116753942678
-82.80944476788125	21.373483831875895	41.88265081772128	-82.84025148970312	43.20462832771012	75.2523439344295	-65.08496328176138	8.509841434802091	75.20690171828596
-84.08936305347176	20.825451465546397	41.74908302281488	-87.1896462896554	43.719528876216465	74.34653612755507	-66.1040828992015	7.739539127639631	74.93994142694602
-85.20531422070636	20.17810500999803	41.885229772610124	-91.46583630509733	44.33158446953128	73.12447293083072	-66.96424984760262	5.840510603683356	74.44551197418163
-86.2753086422999	19.48008020985893	42.16607757385796	-95.61368910591767	44.9904103175927	71.64325232886083	-67.70859868740902	3.3292997645069065	73.80965031592986
-87.43765657939196	18.76889265004607	42.47291858638684	-99.56604328268544	45.57813608724338	70.0127641894179	-68.6812803046755	0.5542451263015877	73.1437737776808
-88.77993674202942	18.080150014977292	42.689939866925975	-103.43958969145405	46.52901366561461	67.6347012048985	-68.51548655104585	-1.5593575654045395	71.84686333761827
-90.30980616336332	17.43923300940523	42.77735710607458	-107.14993150308362	47.59476937113011	64.74796169868104	-67.5933444952346	-2.853175431391115	70.12391429044054
-91.92872998593432	16.85021093276001	42.781901845080135	-110.4781168045055	48.14517553888407	62.012058151240105	-66.10290467179124	-2.3085934657527076	68.45719022643583
-92.56929821510028	16.37687412989652	43.363607960103494	-113.57427432861863	48.72976647946336	58.77167189345317	-66.99072238437174	-6.30394425738605	66.9569128333319
-92.70547484339033	15.816914948846598	44.2237471366018	-116.33475370956239	49.11438384614952	55.32526946194327	-69.63643618282845	-12.472050097153435	65.62145646601198
-93.14722552527249	15.229248042827873	44.99082109662768	-118.74952869404302	49.26926233471377	51.75660800859294	-71.15193670096997	-16.58179995548133	64.07591653417617
-93.84245752887075	14.593812237959124	45.67172324288453	-120.7678337731221	49.06254870722968	48.30650445540308	-72.65908459902022	-19.84011533764395	62.570868036434156
-94.77446318039804	13.992753020063068	46.16346716097459	-122.3889944720232	48.543413807392525	45.062914751441234	-73.77398230382272	-21.964573849581257	61.1157968204466
-95.8793113190454	13.272544285683097	46.66636821647032	-123.62323756775027	47.74237438527792	42.10571414143145	-74.7989131505584	-23.617261829910014	59.836532004088006
-97.13538554077746	12.541494278872232	47.04000098089035	-124.46033851177157	46.74148535529538	39.544222407529844	-75.56158432831401	-24.467505713762804	58.76109997823541
-98.48907919808897	11.678445550633274	47.46478990166531	-124.93904234109095	45.58989750562354	37.50980955184464	-76.75126662957314	-25.249896891360564	58.06921289162587
-99.94348039802114	10.797106314538864	47.815556424774876	-125.10418536666793	44.57537966119921	35.819478479828675	-77.78364310885549	-25.682596655626767	57.61920846819259
-101.45379362740873	9.842106477147201	48.163518346948926	-124.96896614948412	43.84855249912143	34.40295746236271	-77.22647783334727	-25.168966612112932	57.43803591931493
-102.97860744088896	8.784871687220127	48.528444676920344	-124.71962791718232	43.465426584005186	33.399185984194304	-75.52172933750829	-23.865650234188806	57.7137912118447
-104.51474167536475	7.776037445814986	48.73301615186347	-124.05441434743588	43.15687753240954	33.26045411584181	-73.13456574337533	-20.420933414688	58.387974571905346
-106.03422048035644	6.825675545368956	48.7833722873791	-123.07164004038148	43.00082151585134	33.85545709018919	-71.47770785331686	-15.905486168083677	59.31424241280772
-107.50319738326459	5.849782899324353	48.80066524880921	-121.86584259271609	42.989909970809464	35.09976236458485	-71.81145900400679	-12.998275067419627	60.81065602692655
-108.92080253593689	4.909511663883274	48.74820912267133	-120.45013506529672	43.00702613362567	36.927657738097096	-73.77522204514656	-12.033129540328744	62.95407528320023
-110.26661442348237	4.01314049305117	48.65765485018377	-118.78899642034338	42.956358993451374	39.33338936859766	-76.34123662783507	-11.501284147417998	65.52533276800155
-111.53588440647168	3.2065244442110066	48.51556153874833	-116.94936909937383	42.67986508284097	42.11444095839512	-77.32742948654752	-6.975638848749618	67.34452712490908
-112.58817792895832	2.295251712995328	48.62880955616171	-115.03479066813395	42.30683050039647	44.99489807315739	-78.57211742857491	-3.522467284324584	69.34545593835149
-113.40167737177241	1.3301510886204098	48.975039304482486	-113.0870823063015	41.78219785388387	47.81737353121505	-79.70997618055081	-4.262552682550684	70.68674543196681
-114.18169812560498	0.30996549079785496	49.43198872520128	-111.15867449513304	41.01669369160578	50.44743024383238	-80.88407500116345	-6.137081010343849	72.16767432817741
-115.19881603205053	-0.7549093203547799	49.816149639412295	-109.34855807585319	40.028331382325305	52.692780012445496	-81.99642564247017	-8.080721870598566	73.26198051755438
-116.69541553909079	-1.8432915827093068	49.94374243530506	-107.5989232751642	38.64412273920652	54.60750033240937	-82.98148260389289	-8.814818477980765	73.57626380934465
-118.73562172411391	-2.947054449801473	49.73486853948267	-106.00980737652132	36.900380710062635	56.130127801647724	-83.8030684182248	-8.069091425548542	73.06178941236193
-120.96987253874599	-3.9975752269729954	49.34812028125631	-104.59914340966918	34.7922197897299	57.30612317652301	-84.69726232653969	-6.606954050201281	72.00794530897309
-122.34968068594388	-4.970437033448823	49.404676233807265	-103.41883014736065	32.46785460722887	58.052684612946386	-85.78784141899983	-8.4826729372325	71.44298243883573
-123.5312989766268	-5.98651448172585	49.428295053312915	-102.48938307601462	29.995625491070857	58.46550125079011	-86.91435841475528	-10.777539912068637	70.76824483910826
-124.97150185145071	-6.931123438806401	49.22773250529454	-101.81164715170958	27.46296264944615	58.64626925020124	-87.9435566754748	-11.547049288498517	69.61560553240243
-126.42400244624613	-7.8132178308149705	48.86072921397853	-101.39825069656379	24.995965560378867	58.65793595629381	-88.93988478687125	-11.644823285206858	68.32802867552175
-127.8952118230623	-8.616443708034573	48.31208158404501	-101.1994048609737	22.584294214817465	58.7178418690539	-89.97061933422566	-10.80843788491583	67.05647939994878
-129.40548179141086	-9.375158168736451	47.59434777277315	-101.1776912152347	20.222919802864745	58.95841180055662	-91.13705595765158	-9.272132563950123	65.9658828633373
-130.94772734904512	-10.105489240358821	46.7392976811287	-101.35590010739273	18.00223133463075	59.38406385362709	-92.48161290045479	-7.346986073936332	65.13383509002921
-132.5420266926617	-10.819406802165247	45.80362389354509	-101.75039694369339	15.910610873240572	60.05429058685918	-94.07701491964605	-5.1621020516358875	64.62216743416998
-134.1950156595685	-11.564018855621425	44.836765391402785	-102.41822819806252	14.186368352016807	60.641564249259346	-95.7440990981594	-3.447334637587087	64.28630992454272
-135.88604962705614	-12.365503564153975	43.92821855307867	-104.44853624893877	12.885344517765969	60.899538965896724	-97.97791520140274	-4.3477665895397735	64.24170006124312
-137.61496411327212	-13.175393965335054	43.005989689862844	-105.71825081303413	12.14643529063127	60.95785971648287	-99.60263714116	-2.908971415118941	63.755171839147685
-139.35041804178775	-13.993473098111789	42.09684237546121	-106.54845710417949	11.783907434344147	61.018827348825916	-100.643315283054	-1.9711122358827762	63.44412649131131
-141.06634822820234	-14.81484198696134	41.226321216134195	-107.55889020516223	11.735503106916955	61.00118442694691	-101.25288305062779	-2.908912545514726	63.40407172121314
-142.74504194405478	-15.6264276527579	40.395764667817716	-109.1205834070384	11.801192749383908	61.05228917577661	-102.36626104056428	-3.3288048057613473	63.371689081002174
-144.3709277851639	-16.42110791522191	39.61298721282946	-111.47996275357073	11.83341149539348	61.20113806333164	-104.19065046564455	-3.557663999772192	63.409180818928796
-145.93234070418674	-17.194652966867757	38.88690120641516	-114.78685460447633	11.819682971114464	61.432743100953815	-106.6171029606139	-4.396560737936575	63.599426320393135
-147.42021972400727	-17.936934240795452	38.22138535407457	-119.07679773599867	11.493712402164004	61.870907624255835	-109.70260240608528	-6.120503890254394	64.03932007105907
-148.87759055285758	-18.50509905110212	37.42314820911896	-124.42056131080238	11.200186907535292	62.03400588219239	-113.34899514660586	-8.212953020364454	64.2193279214638
-150.18110656377837	-19.372519704922553	37.12513867225902	-130.60392189796747	10.60355224739986	62.31477554705792	-116.63503444525092	-14.116858584794217	64.75461435717254
-151.45454304560565	-20.13030365103985	36.763211577677225	-137.45488963046984	9.705423650909054	62.48731795752559	-120.6567079125542	-20.40523998934883	65.03525305948745
-152.759487792815	-20.67609712559366	36.191696924544274	-144.83122810291053	8.865814325068957	62.23068256771243	-125.0299051360954	-26.234602281223562	64.7185942902492
-153.95647405264418	-21.33176458274199	35.827295415570646	-152.3100750857406	8.068602682793168	61.681230357132236	-129.63524637535753	-33.54209754065698	64.02133432799879
-155.14824065575127	-22.09663761167855	35.63058837905178	-159.74946457580828	7.352203677397896	60.55348131636687	-134.96719926774205	-41.48697386021956	62.58047772688702
-156.3832554970731	-22.90563620969872	35.55031849319563	-166.86349262417872	6.677102764071543	58.77103721807423	-141.20386256503303	-49.021390303174876	60.283474617603474
-157.68481548480335	-23.7295507403507	35.54197153385795	-173.41937461065123	6.134950664151972	56.21694552661484	-148.16031159857735	-55.57410418013182	57.039124521351646
