327.3020057472183	-187.17674941301811	169.31229760892518	306.90313687163916	-181.03431700741083	195.9071642755651	310.8735651885611	-173.6139448331684	195.9071642755651
328.47749079047435	-187.79984101282088	168.9211584634018	306.57354430512436	-182.38656952834157	194.81255076053998	311.9593109521556	-172.3026706496653	194.7366193433929
329.9531989437291	-188.6143848065079	168.41838911826574	306.2605735091013	-184.2582429113309	193.51060765059682	313.36081390774	-170.86392909344352	193.3091501324809
331.6770690027171	-189.50609880109357	167.84769547033125	306.313511778771	-186.6610220903791	192.32055048026098	315.4957984814752	-169.2921475546664	191.92855484462964
333.6221459510503	-190.5288004404419	167.17964908526335	307.00799251929567	-189.5740902791743	191.49341696867333	318.34724196017225	-168.01062299827058	190.84381895918216
335.7238530634767	-191.63230067856375	166.4262903716409	308.5059446125297	-192.94502999713092	191.17468226475216	322.0133161088284	-167.09852188217943	190.19887067728465
337.9364382161628	-192.81204544229178	165.6293354981998	310.84169844324737	-196.6933556053492	191.39168034715772	326.4002660845255	-166.64707965203567	190.0260402306929
340.18349503346485	-194.0308404152304	164.813523545413	313.8042040946066	-200.71888836744628	191.93366167421053	331.30188169564127	-166.51397439300104	190.11249381705056
342.4039254701963	-195.2573534986367	164.02857096080842	317.2164160680451	-204.91612589227424	192.6474775189206	336.46442125598395	-166.60678436547292	190.3080592483049
344.5358290451362	-196.41894654077416	163.28810160910083	320.9188216003672	-209.12139032645464	193.35674935379586	341.8472235323773	-166.76983513534785	190.43474577066493
346.5548877438821	-197.50204457201684	162.62003265935311	324.7782886379482	-213.2487257777746	193.9522451607383	347.32337739174943	-166.97164778522242	190.39034186811594
348.47410761047286	-198.5171913142055	162.03816385789912	328.668954907855	-217.24627439314906	194.3173269127571	352.7117347336826	-167.19324280679288	190.07064074353465
350.3500749191719	-199.49504324516707	161.54366483032118	332.48492595683535	-221.1085817687553	194.33366655705623	358.06985268910955	-167.4317602507985	189.36171154467922
352.2975205873212	-200.49429981741056	161.11271506388547	336.15892114580595	-224.88697791111383	193.88918464310564	363.35564514031034	-167.69065412776774	188.1569899743579
354.23893213577867	-201.47446010673852	160.77458132087722	339.3110005135014	-228.5339758231528	192.8316187938333	368.2416099853744	-167.78187837890331	186.29808293061626
356.1891292687304	-202.445443176399	160.5528861222147	341.81388448219735	-232.01867010151165	190.96235374277302	372.52856657743854	-167.68749010430798	183.59342910791392
358.1521068867238	-203.38852671795513	160.44699071422755	343.54674616476007	-235.34869458231702	188.2719668688062	376.2600271855066	-167.36079424529714	180.02003097554768
360.1299418154968	-204.31852593184706	160.48194052713188	344.4842303219444	-238.5475600642986	184.6122850861493	379.33950696030297	-166.8161944633655	175.42370533897724
362.13577262995165	-205.24301542676102	160.66684112316483	344.6790803693522	-241.42958759457684	180.20421548338845	381.84442881565235	-166.26283088630248	170.04912183602858
364.1656178308337	-206.14457577371726	160.97705650717847	344.2093133348814	-243.99161516362682	175.02879711518446	383.42323348363175	-165.54018020043338	163.89787716730171
366.21863997459303	-207.06997039562089	161.4225980918532	344.44525667624106	-246.1776588660822	170.35213363288653	384.9883121262209	-165.57825310829259	158.362381333679
368.29664905148906	-208.0136603431983	161.99267501071472	346.06788180515264	-247.99806584937724	166.75144738235932	387.01016178631534	-166.74814705690937	154.08833785937253
370.3846753233294	-208.96229521580221	162.64255952676476	348.0487195179982	-249.41551612780768	163.2817873020574	388.90824080809074	-168.53348386704118	150.06657643596907
372.48367785265333	-209.90181685467564	163.37616949773073	350.24766478404376	-250.44187293733603	159.8475634890091	390.7119591864839	-170.87981037987882	146.18895753554648
374.5841544381635	-210.84432843061086	164.16028731762592	352.6707142353372	-251.03095649125342	156.6196296590633	392.24621758146054	-173.71920360332118	142.6707064373189
376.6859258605142	-211.7878272038338	164.97449810629865	355.2050420388791	-251.2270251041859	153.59134623696218	393.5936963177533	-176.99216455906128	139.48246000538185
378.77105793712377	-212.78060169906803	165.75593859889074	357.8063034121995	-251.05144046977364	150.8222663412186	394.5330548688374	-180.58945056414237	136.7304008616452
380.827282623118	-213.67635530556672	166.59117294162186	360.3447281420271	-250.64063541032698	148.38912861078347	395.5392921043888	-184.2772646869622	134.39710970974764
382.86532338068037	-214.55618094538085	167.38796625943712	362.87815594125186	-250.13484037490272	146.36012887713719	396.4450519273508	-187.89771082958617	132.56821959588234
384.8634443278106	-215.40876821567872	168.1073229455391	365.4249091994635	-249.48941890467498	144.98394602906913	397.29268065962407	-191.3456966453063	131.4942019347653
386.8593928963436	-216.28813837433785	168.7431046904987	367.8349292972172	-248.90256675244302	144.14336696758266	398.067495228651	-194.41625078710587	130.97039992659137
388.8424933211235	-217.21109745115123	169.26304297504828	369.88703190563587	-248.48900599050202	143.7199942712058	400.05593132304983	-194.49549550329846	132.54350248935367
390.82738526152906	-218.15901236660852	169.70358249959682	371.48909381612236	-248.29123760990754	143.76137819963702	401.9996013463134	-193.9744426126283	134.41609673408783
392.79646893889446	-219.1716291883984	169.95905583180274	372.59676939082203	-248.34224324388387	144.28341411073305	403.7587363819612	-192.89344571703998	136.6802798635145
394.76262068471834	-220.25268279748235	170.07193548317608	373.2171133600756	-248.63893412437358	145.32602729911932	405.13638522709095	-191.30854634754655	139.46196820925783
396.7423520789158	-221.38581405151757	170.057310418744	373.4124397316159	-249.12104847445545	146.9252522825825	406.2241910183303	-189.4501370632537	142.8759304340735
398.74809234036564	-222.55262944868738	169.95898463804906	373.2979439326073	-249.64667780607408	149.0125672199586	407.05106141938626	-187.6170523333848	146.91302904675737
400.7806445867702	-223.74193043876488	169.79190866769105	373.04347423184294	-250.18686302806773	151.7098335447121	407.5935441908277	-186.03147592991007	151.70455011469298
402.8329173864333	-224.95044375089248	169.57386093051366	372.7537624201377	-250.57319397464119	154.92033154864805	407.7809713104606	-184.994907351912	157.1208014953829
404.8974337294973	-226.17145010372735	169.31305754382385	372.53527328751676	-250.56963467131493	158.40952852272727	407.2235673114095	-184.7716660240631	162.82346861256383
406.97373937950135	-227.3419762785586	169.04488544547658	372.53114471165213	-249.95114832482176	162.1861329722783	406.1708554402798	-185.67017359458325	166.3382801902076
409.04012475624074	-228.46151091338712	168.78473690866642	372.99238413354254	-248.64828805203803	166.0837715885493	405.31694951168913	-187.24114874798425	169.9074559112416
411.0869631319082	-229.49675251452038	168.55336673152448	374.0881317071539	-246.6162068054265	170.04995754998825	405.0232100716281	-189.4581464075183	173.4899592735518
413.09470421668703	-230.49325067172364	168.3533874636767	375.99667344677573	-244.05061721092392	173.95055981419216	404.8594477259102	-192.4190861103711	176.95181501126066
415.051651723453	-231.4840015065455	168.19016307359328	378.7407851279286	-241.1572033809975	177.5849979081033	404.79077439371497	-196.08719256786503	180.11044421005204
416.956743404322	-232.45350571291743	168.06232426941773	382.205575051241	-238.09939869198354	180.8573617467854	404.76035101856	-200.2895750797158	182.89345276584754
418.8113731176526	-233.42985469584676	167.93081858519975	386.225483398122	-235.13602367550462	183.70104114571285	404.6578101518703	-204.91811761361578	185.25734867451786
420.6276851767678	-234.36134701386453	167.77769299031385	390.41549824257413	-232.5180889255338	185.90372453709858	404.7417412266018	-209.43228173913545	187.03659609257733
422.42125567878253	-235.33175538223628	167.58559443245005	394.65798932008823	-230.41790612811252	187.64645379626626	404.9397085154822	-213.93109695034883	188.4132270216298
424.2073263775931	-236.3546458387437	167.3258391453844	398.747379473961	-229.04512701738082	188.95357904635398	405.5959883349838	-218.0738844738171	189.43531573670032
425.99298572302877	-237.4672234836813	166.9422291946154	402.555562625282	-228.51401455200053	189.94594746926714	406.6752844329605	-221.85990902333108	190.22058734763186
427.80973688980714	-238.61280591787448	166.5236205896622	405.8762013029003	-228.96336952252383	190.68454894969855	408.35921632703605	-224.89238825956176	190.8417096269923
429.6629414951898	-239.8087009984984	166.04018839765118	408.6855967076234	-230.38459490109287	191.18150944065331	410.60512153526463	-227.1661982696579	191.29717588597282
431.5456166394529	-241.0177938506165	165.4914452989062	410.7423688040292	-232.56700762842883	191.35200137914126	413.16843198578636	-228.39791851699692	191.49100490715924
433.4795735258938	-242.22162615933502	164.91076083575717	412.42832430975307	-235.40629267705202	191.53803263958653	416.1718244888781	-228.83448821520338	191.74062905545355
435.4494141615013	-243.38905975541033	164.31070224967345	412.67389832462356	-238.93002750648577	190.40621355835037	419.1608632155094	-227.38676040154542	190.73403141469774
437.4580499379614	-244.53033573213003	163.739793432596	411.9389003076675	-242.91091243621486	188.3274847416766	422.00889227998596	-224.73851435908495	188.79994961670258
439.4680699885999	-245.69616884288436	163.11866672932086	410.6839525147608	-247.2153706940096	185.63959613307617	424.545188102146	-221.60180245236884	186.24429663779483
441.47599142137926	-246.86946881442037	162.49224329305918	409.33726012212475	-251.67228651541	182.5998311483194	426.73576142395575	-218.4122283658118	183.3054910555965
443.4675171852746	-247.9837116203907	161.88046048816634	408.31107683446163	-256.124148307616	179.50033893433914	429.0200271663306	-215.33706299851292	180.26981855116182
445.433967352848	-249.0450302140359	161.31362439262165	407.95426361934796	-260.50886992317163	176.55855094610433	431.55070451210446	-212.7307243783732	177.34739509752941
447.37598135447354	-250.07337883055717	160.8014618094365	408.49534029460267	-264.9397648224821	174.1234129476471	434.55637407802357	-210.73668061033402	174.8893965844478
449.27513318168224	-251.07821762803894	160.3356894256396	409.936649450314	-269.3757096196641	172.22888247242676	438.0248623217905	-209.3827647736818	172.93264037275415
451.06245146416154	-252.0378292109149	159.89920104402688	412.0206149217648	-273.75231590833886	170.91102987122287	441.5087606837281	-208.55476635527106	171.51791630946303
452.8586220172726	-252.95569162554477	159.5601896661963	414.8313573086831	-277.9154620182491	169.95415148674667	445.5409474137001	-208.1756143295581	170.43648303123592
454.71723360945265	-253.85949824425145	159.3477838864552	418.3414936148641	-281.81062482637435	169.17997126875198	450.03695923773404	-208.29804125427722	169.51540479011427
456.65837117558374	-254.74361049928348	159.29489060456098	422.4340852782152	-285.38696662599637	168.42352902278353	455.0149039704134	-208.8695333134183	168.5963484018545
